2980760
2980762
2967359
2964341
2945075
2949336
2933245
2933148
2903530
2908732
2892240
2898431
2889284
2889282
2870659
2872420
2851202
2854884
2839512
2842510
2833337
2831359
2816937
2818988
2811400
2811280
2791388
2798333
2788395
2786922
2767179
2766461
2753507
2749417
2742646
2742906
2728169
2666241
2714559
2687353
2693199
2684460
2685035
2674769
2674716
2666095
2666093
2643596
2656433
2632265
2639107
2631183
2631185
2610445
2600347
2582611
2578043
2544169
2541106
2524714
2507772
2500469
2483853
2461257
2447977
2436257
2428557
2408777
2398357
2380657
2366317
2366341
2347737
2330668
2240237
2209250
2184320
2160719
2133807
2093549
2076451
2063177
2043175
2018397
2001270
2001272
1995377
1978543
1965725
1953123
1941488
1924422
1924424
1897853
1897817
1866740
1839677
1831408
1810892
1787235
1787237
1785415
1743547
1735224
1666421
1646354
1646357
384151
384152
384153
384154
384155
384156
384157
384159
384160
384161
384162
384163
384164
384165
384166
384167
384168
384158
383846
383847
383848
383849
383850
383851
383852
383853
383854
383855
383856
383857
383858
383859
383862
383863
384200
383864
383865
383866
383867
383871
383872
383873
383874
383875
383695
383696
383697
383698
383699
383700
383701
383702
383703
383705
383706
383707
383708
383709
383710
383711
383712
383713
383714
381643
381644
381646
381648
381649
381651
381652
381653
381656
381710
381657
381658
381661
381662
381664
381666
379301
379302
379303
379304
379325
379326
379327
379328
379306
379307
379308
379309
379310
379311
379305
379312
379314
379315
379316
379317
379318
379319
379320
379322
379323
379324
379329
376138
376135
376136
376140
376143
376145
376147
376151
376153
376156
376158
376160
376165
376167
376170
376172
376174
376176
376177
376179
376180
376181
376184
374311
374313
374315
374317
374320
374322
374325
374329
374333
374335
374336
374337
374338
374339
374340
374341
374342
374343
374344
375358
374345
374346
374355
374356
374357
375359
374360
374361
374363
374364
374365
374367
374368
367212
367213
367215
367280
367284
367287
367240
367250
367251
367255
367257
367261
367268
367272
367274
367276
367277
367291
367296
365253
365254
365912
365914
365182
365183
365184
365185
365186
365187
365188
365189
365190
365191
365192
365193
365194
365196
365197
365198
365199
365201
365204
365205
365206
365207
365208
365210
365211
365214
365215
365217
365218
365219
365220
365221
365222
365223
365224
365225
365226
365227
365228
365229
365231
365234
365236
365237
365239
365240
365241
365243
365245
365246
365248
365250
365251
367913
361772
359209
359214
359239
359240
359241
359219
359223
359224
359226
359227
359228
359230
359231
359234
359235
359236
359238
359242
357491
357492
357494
357495
357496
357498
357499
357501
357502
357503
357504
357505
357506
357507
357509
357510
357511
357512
357513
357514
357515
357516
357517
355113
355114
355115
355116
355117
355118
355119
355120
355121
355122
355123
355124
355125
355126
355127
355128
355129
355130
355131
353381
353379
353380
353373
353374
353375
353376
353361
353362
353363
353365
353366
353367
353368
353369
353370
353371
353372
353377
353378
352516
352517
352518
352519
352520
352521
352525
352527
352528
352529
352530
352531
352532
352533
352534
352184
352185
352187
352190
352194
352195
352196
352198
352199
352200
352202
352203
352204
352205
352208
352209
352210
352212
352213
348949
348950
348956
348961
348964
348968
348971
348974
348976
348979
348985
348988
348990
348995
348998
349002
349006
349009
349012
349030
345126
345127
345129
345130
345131
345132
345133
345135
372535
345136
345138
345139
345141
345142
345143
345144
345145
345152
345153
345155
345156
345157
345158
345159
345161
345162
345164
345165
345167
345168
345169
345171
345172
341855
341858
341859
341872
341873
341874
341875
341860
341861
341862
341863
341864
341865
341866
341867
341868
341869
341870
341871
341877
341878
336461
336462
336463
336464
336466
336468
336470
336471
336472
336473
336474
336475
336476
336478
336480
336481
336483
336486
336488
336490
333328
332855
332856
332849
332850
332851
332852
332836
332837
332838
332839
332841
332842
332843
332845
332846
332848
332853
332854
332055
332054
332057
332060
332058
332061
332063
332064
332065
332066
332068
332070
332072
332073
332074
332075
332077
332078
332079
332081
332082
332083
332797
330559
330557
330558
330550
330551
330552
330553
330554
330535
330536
330537
330538
330539
330540
330541
330542
330543
330544
330545
330546
330547
330548
330549
330555
330556
328907
328124
328126
328114
328243
328116
328118
328142
328143
328144
328146
328147
328148
328150
328151
328107
328110
328112
328113
328120
328123
323832
323833
323834
323836
323838
323839
323840
323842
323843
323844
323845
323846
323847
323848
323849
323850
322797
322798
322799
322800
322801
322802
322803
322804
322805
322806
322808
322809
322810
322812
322811
322813
322814
322815
322816
322817
319402
319383
319384
319385
319386
319387
319388
319389
319390
319391
319392
319393
319394
319395
319396
319397
319398
319399
319400
319401
319403
317666
317667
317668
317669
317670
317671
317672
317673
317674
317675
317676
317677
317678
317679
317680
317681
317682
317683
317684
315763
315764
315765
315766
315767
315768
315769
315770
315771
315772
315775
315777
315779
315781
315782
315784
315813
315785
310931
310937
310939
310942
310953
310960
310966
310970
310973
310975
310976
310977
310978
310979
310982
310984
310987
310988
306550
306552
306553
306554
306555
306557
306558
306559
306560
306563
306569
306571
306577
306580
306582
306585
306591
306594
306599
303850
303851
303852
303853
303854
303855
303856
303857
303858
303859
303860
303861
303862
303863
303864
303865
303866
303867
303868
303869
303870
303871
303872
301354
301385
301388
301391
301393
301396
301398
301402
301407
301410
301415
301417
301419
301422
301433
301435
301436
301438
301440
301442
299158
299159
299160
299161
299162
299163
299519
299164
299165
299166
299167
299168
299169
299171
299594
299172
299870
299875
299174
299175
299176
299177
299179
299180
297951
295688
295846
295847
295691
295693
295695
295698
295699
298128
295701
295854
295702
295858
295704
295860
295708
295716
295866
298136
295717
295879
295882
295887
295720
295891
295722
295727
298019
293415
293420
293425
293430
293434
293440
293778
293443
293447
293455
293461
293475
293478
293481
293485
293488
293491
298015
291494
291496
293170
291487
291489
291491
293164
293165
293166
293167
293168
293169
291470
291471
291474
291476
291479
291482
291485
290134
290135
290137
290138
290140
290142
290143
290144
290145
290147
290148
290149
290150
290151
290153
290154
290155
290156
288959
287832
287833
287834
287835
287836
287837
287838
287839
287840
287841
287842
287843
287844
287845
287846
287847
287848
289100
286239
286240
286241
286242
286243
286244
286245
286246
286247
286248
286249
286250
286251
286252
286253
286254
286255
286428
285072
286429
285073
285074
285075
285076
285077
285078
286430
285079
285080
285081
285083
285872
286431
285084
285085
285086
285087
285211
280374
280342
280325
280326
280327
280328
280329
280330
280331
280332
280333
280334
280335
280336
280337
280338
280339
280340
280341
278477
278478
278480
278481
278482
294073
278484
278485
278486
278487
278488
278489
278490
278491
282752
278492
278493
278494
278495
278496
278497
278498
282754
282756
278499
278500
278501
277349
277350
276610
276611
276612
276613
276614
276615
276616
276617
276618
276619
276620
276621
276622
276623
276624
276625
276626
274951
274947
274948
274949
274950
274952
274953
274954
274955
274956
274957
274958
274959
274960
274961
274962
274963
274964
276405
276406
276407
276408
276409
276410
276411
276412
293567
273037
273039
273040
273041
273043
273044
273046
273048
273049
273050
273053
273054
273055
273057
273058
273061
273063
273064
273065
273066
273067
273068
273069
273070
273071
273072
276267
272288
272289
272292
272290
272291
272293
272294
272295
272296
272297
272298
272299
272300
272325
272327
272329
272331
272333
272336
269013
269014
269015
269016
269028
269017
269018
269019
269020
269021
269022
269023
269024
269025
269026
269027
268094
268096
268098
268100
268102
268103
268105
268106
268108
268109
268110
268113
268116
268118
268120
268122
268124
268126
378394
265564
265565
265566
265567
265568
265569
265570
265571
265572
265573
265574
265575
265576
265577
265578
265579
265580
265651
378383
265685
265686
265687
265688
265689
265690
265691
265692
265693
265694
265695
265696
265697
265699
265700
265701
265702
378386
267533
262794
262795
262796
262797
262798
262799
262802
262803
262804
262805
262806
262807
262808
262809
262810
262811
262812
262813
262814
262815
262816
260755
260752
260754
260757
260758
260759
260761
260764
260766
260769
260770
260772
260768
260774
260775
260777
260778
260780
260783
260784
257876
257877
257878
257879
257880
257881
257882
257883
257884
257885
257886
257887
257888
257889
257890
257891
257892
257894
257895
257896
257897
257898
257899
257900
256176
256177
256178
256179
256180
256181
256183
256184
256185
256186
256187
256188
256190
256191
256193
256196
255663
255664
255675
255678
255692
255694
255696
255698
255700
255703
255706
255710
263693
378387
267937
253771
253776
253777
267936
253781
253782
253785
253789
253791
253794
253798
253801
253802
253804
253806
253808
253809
262049
267938
248450
248452
248453
248454
248455
248456
248457
248458
248459
248460
248461
248462
248463
248464
248465
248467
257470
245109
245110
245111
268216
245118
245119
245120
245121
245122
245123
245124
245125
245126
245127
245128
263691
253678
253680
254520
253683
253685
253687
253690
253692
253695
253697
253700
253702
253704
253706
253708
253709
253712
253715
253716
253723
253726
253727
253729
253734
253737
253741
253744
253746
253748
253750
253752
253754
253755
253756
253760
263857
242859
242861
242863
242865
242867
242869
242871
242875
242877
242878
242879
242881
242883
372580
263692
240485
240486
240488
240489
240490
240491
240493
240496
240497
240498
240499
240502
240505
765656
272709
272710
272711
272712
272713
272714
272715
272716
272719
272717
272718
240458
240459
240463
240464
240466
240468
240470
240471
240472
240473
240475
240477
240479
240481
240575
236158
236160
236164
236165
236167
236168
236170
236171
236172
236174
236175
236183
236184
765657
234461
234462
234463
234464
234465
234466
234467
234468
234469
234470
234471
234472
234473
234474
234475
234476
234477
234478
232018
232020
232021
232022
232024
232025
232026
232028
232030
232032
232033
232035
232036
232038
232039
232040
232041
232042
232044
232046
233978
233980
233982
233984
233986
233989
233992
233994
233995
233998
233999
234000
234001
234595
228504
228506
228507
228508
228509
228510
228512
228513
228515
228517
228520
228522
228523
228524
228525
247241
229460
229461
229462
229463
229464
229465
229466
229467
229468
229469
229470
229471
233436
229472
247239
1006200
1006201
227212
227213
227215
227216
227217
227218
227219
227220
227221
227222
227600
227223
227224
227225
227226
227227
227228
227229
227230
227231
247240
227235
227236
227237
227238
227239
227240
227241
227242
227243
227244
227245
227246
227247
227599
358185
358186
358187
246816
230799
230800
230801
230802
230803
230804
230805
230806
230807
230808
230809
230810
230811
230813
234174
234175
234176
234177
234178
234179
234180
234204
234208
234209
234210
234212
234214
219665
219667
219673
219674
219675
219676
219677
219678
219679
219681
219682
219683
219687
219690
219693
219694
219720
219725
223056
219734
219745
219748
219752
219757
219761
219768
219771
219778
219783
219791
219797
219801
219808
219812
219816
226242
226243
226246
226247
226252
226253
226255
226256
226257
226258
226260
226261
226263
226264
226266
226268
226269
378389
378391
378392
223252
223253
223254
223256
223257
223258
278461
223260
223261
223263
223264
223265
223267
223268
223275
223277
208373
208375
208345
208352
208353
208346
208354
208355
208347
208348
208356
208357
208363
208349
208365
208350
208366
208351
208367
208369
208370
246794
208377
214784
214787
214789
214791
214793
214796
214798
214799
214800
214802
214804
214806
203243
203246
203247
203250
203251
203253
203256
203259
203260
203262
203265
203266
203270
203273
203357
203358
203359
203361
203363
203365
203367
203368
203370
203371
203378
203373
203375
205324
205325
205326
205327
205328
205329
205330
205332
205331
205333
205334
376383
205335
205336
205337
205338
205339
205340
205341
205342
205343
205344
205345
205346
205347
205348
205349
203332
203334
203336
203338
203340
203341
203343
203345
203347
203348
203350
203352
204827
1037834
204828
204829
204830
204831
204832
204844
204845
204846
204849
204852
1037835
204854
204867
204871
204873
204874
1023604
1023605
1023607
1023606
1023608
204875
204878
384262
384261
204880
204881
204882
204889
204892
204895
204896
204898
198367
198368
198369
198372
198374
198376
198378
198381
198382
198384
198386
198388
376372
376373
376370
188283
188286
188288
188289
188291
188294
188295
188298
188371
188373
188377
188379
188381
194315
194317
194319
214781
194320
194322
194399
194405
175203
383884
383883
584629
383882
214782
182988
182989
182990
184074
184075
184076
184077
184078
184079
184080
184081
376379
179729
179731
179733
179611
179616
179622
179627
179654
179657
179671
179687
179704
179721
179726
179742
176806
176790
176791
176792
176793
176794
176795
176796
176797
176798
176799
176800
176801
176802
176803
176804
176805
376377
176807
175219
175220
175209
175210
175211
175212
175213
175214
175215
175216
175217
175218
175604
376376
175221
175307
175309
175291
175292
175293
175295
175297
175300
175301
175303
175305
175311
376375
175286
175288
175278
175279
175280
175281
175282
175283
175285
1016849
175289
175260
175261
175248
175249
175250
175251
175252
175253
175254
175255
175256
175257
175258
175259
175262
175244
175245
175236
175237
175238
175239
175240
175241
175242
175243
376374
175246
175232
175233
175223
175224
175225
175226
175227
175228
175229
175230
175231
376368
175234
376065
163351
163352
163301
163303
163306
163309
163314
163348
163349
163353
376064
163378
163379
163361
163363
163366
163369
163373
163375
163380
376061
376062
376063
164061
164063
163434
163435
163440
163444
163447
163577
164050
164057
164060
164065
162691
162693
162697
214809
162699
162703
162705
162708
162711
162715
162717
162721
163427
376123
163413
163417
163382
163383
163386
163388
163390
163393
163394
163400
163402

163409

376070
163420
159548
159550
159553
159555
159558
159562
159563
159566
159581
159587
159593
159598
159617
159626
159630
159638
159640
376068
214812
163261
255960
163264
256022
214815
163265
214816
256015
214817
163268
214818
214820
163272
214822
163278
214824
214826
163286
214828
214830
163290
214831
163293
155050
155051
155052
155053
155054
155055
155056
155057
155058
155059
155060
155061
155062
155063
155064
155065
155066
155067
155068
155069
155070
155071
155072
155073
155074
214836
153593
153595
153574
153576
153577
153579
153582
153670
153585
153587
376124
376125
153548
153551
153523
153526
153532
153534
153541
153547
376060
151221
151222
151223
151226
151224
151225
151227
151228
151229
151230
151231
151232
151234
151235
151236
151237
151238
151239
151240
151241
151242
376054
151243
376081
214847
138871
138860
138861
138862
138863
138864
138865
138866
138867
138868
138869
138870
138872
643961
376078
138855
138856
138858
138845
138846
138847
138848
138849
138850
138851
138852
138853
138854
138857
135247
135248
135240
135241
135242
135243
135244
135245
135246
376076
135249
376117
376119
131009
135225
130995
130996
130997
130998
130999
131000
131001
131002
131003
131004
131006
131005
131007
131008
376116
135237
135236
135227
135228
135229
135230
135231
135232
135233
135234
376106
135238
384269
384270
384271
129909
129910
129903
129904
129905
129906
129907
129908
129911
376104
376122
129898
129899
129889
129890
129891
129892
129893
129894
129895
129896
129897
129900
376100
129886
129876
129877
129878
129879
129880
129881
129882
129883
129884
129885
129887
129862
129853
129854
129855
129856
129857
129858
129859
129860
129861
214846
376095
129863
376093
214839
214840
214842
131296
131297
131298
131299
131300
131301
214843
376087
129638
129639
129631
129632
129633
129634
376083
129635
129636
129637
129640
376073
384272
384273
129625
129626
129618
129619
129620
129624
129621
129622
129623
129628
129629
129627
125403
125408
125320
125321
125322
125323
125324
125392
125396
125398
376051
125411
125512
125491
125492
125493
125495
125497
125504
125507
376050
125514
376049
125288
125289
125228
125238
125244
125254
125262
125266
125272
125276
376048
125294
376047
114715
114717
114670
114671
133119
114673
114674
114675
126333
114677
114679
114680
114686
114688
214895
108519
108520
108517
108524
108527
108530
108531
108534
108537
108521
376046
105788
105789
105786
105793
105796
105799
105791
103702
103703
122192
103706
103707
103708
103709
103710
103705
376045
103169
103170
103168
103172
103173
103174
103175
103176
103171
376044
103087
103086
103089
103097
103090
103091
103092
103093
103094
103095
103096
103098
103088
376043
102875
102876
102869
102870
102871
102872
102873
102874
102877
376041
102796
102797
102799
102800
102801
376042
102798
376039
376040
99985
99987
99990
99993
99996
99999
278147
100000
316120
316121
316122
316123
96286
96277
96279
96281
96283
96290
316116
316117
316118
316119
92783
92784
92756
92757
92764
92767
92769
92772
92780
92787
316110
316111
316112
316113
84539
84543
214948
84545
84547
84549
84552
84555
84556
84559
84561
84563
316101
316103
316105
316106
84452
316114
84453
214946
84459
84460
84462
84464
84525
84526
84528
84529
84531
84533
316090
316091
316092
316094
316096
79174
79175
79176
79177
79178
79179
79180
79181
79182
79183
79184
79113
316077
316078
316079
316080
316081
79205
79206
79207
79208
79209
79210
79211
79212
79213
79214
316060
316061
316062
316063
78974
78975
78976
78977
78978
78979
316056
316057
316058
78608
78609
78610
78611
78612
78613
78614
78615
78616
316059
214943
316052
316053
316054
316055
77557
77558
77559
77561
77562
77563
77564
77566
316044
316046
316047
316048
316049
316050
77482
77483
77484
77485
77486
77487
316051
316035
316037
316038
316039
316041
75578
75579
75580
75581
75582
75583
75584
75585
75586
75587
316026
316029
316030
316032
76373
76374
76375
76376
77531
76377
76378
76379
316010
316013
316015
316016
316018
76381
76382
76383
76384
76385
76386
76387
316002
316003
316005
316006
316008
68815
68816
68817
68818
68819
68820
315990
315993
315996
67934
67935
67936
67937
67938
67939
67940
67941
315999
315984
315985
315986
315987
315988
66452
66460
66453
66454
66455
66456
66457
66458
66459
315989
315978
315980
315981
315982
214896
65972
65973
65974
65975
65976
65977
65978
315983
315970
315971
315972
315973
315975
65446
65447
65448
65449
65450
65451
65452
65453
65454
315948
315950
315952
315953
315955
315956
63527
63528
63529
63530
63531
63532
315960
315939
315942
315944
315945
63486
63487
63488
63489
63490
63491
315929
315931
315933
63335
63336
63337
63338
63339
63340
63341
315936
315923
315925
315926
62066
62067
62068
62069
62072
62073
62074
315927
315915
315916
315917
315918
315919
315920
63343
63344
63345
63346
63347
63348
63349
315921
1071219
315907
315910
315912
315914
63239
63251
63240
63241
63242
63243
63244
63245
63246
63247
63248
63249
315825
315826
315827
315828
315830
315831
53581
53582
53583
53584
53585
214953
214951
374700
374707
315832
315833
315834
214900
50088
50089
50090
50091
50092
50093
50094
50095
50096
315820
315821
315822
315823
315824
63040
63041
63042
63043
63044
63045
63046
315816
315817
315818
48530
48531
48532
48533
48534
48535
48536
315819
315810
315811
315812
1559754
315814
63031
63032
63033
63034
63035
63036
63037
63038
315807
315808
315809
48512
48513
48514
48515
48516
48517
48518
48519
48520
48521
315804
315805
315806
62960
62961
62962
62963
62964
62965
62966
62967
62968
62969
62970
62971
214901
315801
315802
315803
42412
42413
42414
42415
42416
42417
42418
42419
42420
42421
42422
315797
315798
315799
315800
42405
42406
42407
42408
42409
42410
315793
315794
315795
315796
42393
42394
42395
42396
42397
42398
42399
42400
42401
42402
42403
315789
315790
315791
315792
42373
42374
42375
42376
42377
42378
42379
42380
42381
315786
315787
315788
35044
35045
35046
35047
35048
35049
35050
315756
315757
315758
315759
315760
33448
33449
33450
33451
33452
33454
33453
315751
315752
315753
315754
32207
32208
32209
32210
32211
32212
32213
315755
315748
315749
30409
30410
30411
30412
30413
30414
30415
30416
30417
30418
30419
30420
30421
315743
315744
315745
315746
30402
30407
30406
30403
30404
30405
315747
315740
315741
315742
27652
27653
27654
27655
27656
27657
315734
315735
315738
315736
315737
28570
28571
28572
28573
28574
315739
315730
315731
315732
315733
214766
214764
214768
214769
214771
214773
214775
315728
315729
22900
22901
22902
22903
22904
22905
22906
22907
315724
315725
315726
315727
32233
32234
32235
315720
315721
315722
214750
214752
214754
214756
214758
214759
214760
315723
315714
315715
315716
315717
315718

12528
12529
12530
12531
12532
315719
315710
315711
315712
315713
7886
7887
7888
7889
7890
315703
315704
315706
315707
315708
214916
7903
7904
7905
7906
7907
315709
315700
315701
315702
7539
7540
7543
7544
7541
7542
7545
315697
315698
6618
6631
6619
6620
6621
315699
315693
315694
315695
315696
214913
6593
6594
6595
6596
6597
6598
6599
315686
315689
315690
315691
6425
6426
6440
6427
6428
6441
6429
6430
6431
315669
6139
315672
214911
6140
6141
6142
6143
6144
6145
6146
6147
6148
6149

6150
6151
315674
315646
315650
315652
315653
315654
214907
5949
5950
5951
5952
5953
315658
315621
315635
315641
5920
315644
5690
5691
5921
5692
315604
315614
315616
6327
5685
6377
5686
5687
5688
315618
315586
315589
315593
315594
5671
5667
5672
5673
5668
6325
5669
5670
315556
315560
315564
315569
5658
214905
6326
5659
5660
5661
5662
5663
315573
315540
315546
5466
6040
5467
5468
214903
5469
5470
315548
315137
315138
315139
315141
214958
214960
214961
214963
214965
315128
315130
315131
4548
4549
4550
4551
4552
4553
4554
315133
315123
315124
315125
4373
4374
4375
4376
4377
4378
315126
315118
315119
315120
315121
315122
214937
4285
4286
4287
4288
4289
4290
4291
315116
315117
4022
214934
214936
4023
4024
4025
4026
315109
315110
315111
315112
3895
3896
315114
3897
3898
3899
3900
315115
315104
315105
315106
315107
315108
3813
3814
214933
3815
3816
3817
3818
315098
315099
315100
315101
315102
3533
214928
214931
3534
3535
3536
3537
3538
315103
315028
315033
315036
315039
3342
3343
3344
3345
3346
3347
3348
3349
3350
314995
314998
315001
315004
315007
315010
315012
214926
3167
3168
3169
3197
3170
3171
315013
314978
314984
314986
314989
314990
2787
2788
2789
2790
2791
2792
2793
314899
314908
314913
214917
2467
2468
214920
214922
2469
2470
214925
314931
358301
950206
358302
381151
381152
2136
2137
2138
2139
358307
2141
2142
381153
358287
381154
358288
358290
358292
1970
358295
1972
358298
1628903
358275
358276
358277
358278
358279
358280
358281
358282
358283
358284
358286
358238
358240
358241
381162
358246
358252
358254
358258
358262
358271
358201
358202
358204
358207
358210
358211
358214
358215
358217
358218
358222
358226
358228
358106
358107
381166
381148
358190
358192
358193
358194
358195
358191
893I
1387109
358084
381144
358086
364565
358087
358090
358091

358094
358095
358097
358099
358101
358103
358060
381145
358063
381134
358064
358066
358069
358071
358072
358074
358076
358078
358028
358029
381121
358030
358031
358032
358033
358770
358034
358035
358036
358039
358040
358042
1035691
358043
358044
358046
358047
358048
358049
358050
358051
358052
358053
381167
357998
358000
381168
381113
358004
358008
358009
358013
358016
358018
358019
358020
358022
358023
358025
358026
357977
357978
358002
69613
357982
357984
357985
357988
357990
1189935
1189936
357992
357972
357973
358003
993447
357965
357966
357967
69609
2085
357970
357971
358480
358482
358484
358488
358492
358500
358504
358509
358515
358434
183I
358436
358437
358439
358440
358441
358442
358443
358444
358445
358446
358448
358450
358452
358456
358458
358460
358462
358464
358465
358467
358469
358466
358415
358416
358417
383461
358419
358421
358423
358425
358426
358428
358429
358430
358431
358432
358433
358173
358174
358175
358176
358177
358178
358179
358180
358181
358182
358183
358406
358408
358409
358162
358163
358164
358165
358166
358167
358168
358169
358170
358171
358151
358152
358153
358154
358155
358156
358157
358158
358159
358160
358142
358143
358144
358145
358146
358147
358148
358149
358102
358104
358109
358135
358137
358138
69587
358140
383453
383454
383455
383457
383458
358079
358081
358082
358083
358088
358089
358092
358093
2164
358098
358100
358065
360424
358067
358068
358070
358073
358075
358077
358037
358038
358041
358045
358054
358056
358057
358058
358059
940975
357981
357983
357986
357987
357989
357991
357993
357995
357996
357997
357999
358001
358005
358006
358007
358010
358011
358012
358014
358015
358017
358021
358731
358732
358734
358736
358739
358741
358745
358748
358752
358756
383450
383449
383448
358757
358691
358693
358695
358698
358705
363066
358709
358714
358717
358720
358725
358658
358659
358664
358666
358671
358674
358678
358681
358685
358688
358631
358632
358635
358639
363058
358642
358643
358648
363065
358650
358653
358593
358596
358599
358602
358606
358608
358612
358616
358621
358625
383446
383447
358559
358562
358565
358569
358572
358574
358577
358578
358579
358581
358582
358530
358536
358547
358553
383443
383445
383444
358556
358510
358512
358513
358517
358520
358521
358471
358472
358475
358478
358487
358493
383440
358454
358455
358457
358459
358461
358463
358397
358398
358399
358400
358401
358402
358403
358447
358449
358451
358317
358388
358322
358387
358390
358391
358392
358393
358395
358801
358802
358803
358804
358805
358806
358807
358791
358792
358793
358794
358795
358796
358797
358798
383431
383435
383437
383436
383432
358799
358783
358784
358785
358786
358787
358788
358789
358747
358751
358755
358758
358760
358762
358764
358765
358766
358767
383427
383426
383428
383429
383430
358768
358727
358730
358733
358735
358737
358740
383424
383425
358742
358701
358703
358707
358710
358712
358716
358718
383423
383422
362713
358672
358673
358677
358682
358686
358692
358696
358647
358652
358654
358657
358660
358661
383419
383418
383417
383420
358667
358601
358605
358609
358613
358620
358626
358630
358634
358637
358641
358570
358571
358575
358580
358584
358586
358592
358554
358555
358558
358561
358563
358567
358529
358534
358537
358540
358543
358548
359040
359041
359042
359043
359044
359045
359025
359026
359027
359029
359031
359034
359036
359016
359017
359018
359019
359020
359021
359023
359009
359010
359011
359012
359013
359014
358897
358889
358898
358899
358900
1404945
358901
358888
358890
358892
358893
358895
358878
358879
358881
358882
358884
358885
358857
358861
358863
358868
358871

358874

358842
358845
358847
358850
358852
358827
358828
358834
358835
358836
358838
383413
383415
383416
383414
358839
358819
358820
358821
358822
358823
358824
358825
358809
358810
358811
358813
358814
358815
383411
383412
358816
358817
359179
359180
359181
359182
359183
359184
359185
359170
359171
359172
359174
359175
359176
359177
359158
359160
359163
359164
359167
362783
359147
362786
359148
359149
359150
359151
359152
359153
359155
359139
1404944
359140
359141
359142
359143
359144
359145
359133
359132
359134
359135
359136
359137
359115
359116
359118
359120
359127
359129
359130
359106
359108
359109
359110
359112
359113
359095
359097
359099
359100
359101
359103
359081
359083
359085
359088
359090
359091
359093
359062
359063
359065
359067
359069
359071
359074
359076
359077
359079
359047
359048
359049
359051
359053
359055
359057
359059
359658
359659
359660
359661
359662
359663
359664
359665
359666
359667
359644
359645
359646
359647
359648
359649
359650
359651
359652
359653
359654
359655
359656
359621
359622
359623
359625
359627
359629
359631
359633
359634
359637
359641
359590
359592
359594
359596
359597
359598
359602
359607
359611
359612
359614
359616
359617
359577
359579
359580
359582
359583
359585
359587
1404943
359548
359550
359553
359556
359557
359560
359563
359566
359569
359570
359572

383404
383403
383405
383406
383407
383408
383410
383409
359574
359513
359514
359515
359517
359519
359522
359523
359528
359531
359535
359539
359489
359491
359493
359495
359498
359501
359502
359503
359504
359505
359507
359510
359462
359464
359467
359469
359470
359473
359474
359478
359480
359482
359486
359362
359363
359364
359365
359366
359447
359451
359454
383402
359457
359338
1404942
359341
359342
359344
359346
359348
359350
359351
359353
359358

359359
359329
359331
359333
359334
359335
359336
359337
359339
359898
359899
359900
359902
359903
359904
359906
359907
359910
359864
359866
359868
359869
359878
359880
359882
359883
359884
359885
359886
359887
359888
359889
359890
359892
359895
359896
359844
363633
359846
359848
359849
359850
359853
359854
359856
359858
359859
359861
359814
1404941
359816
359826
359828
359830
359833
359838
359839
359841
1232487
359766
359771
359782
359789
359798
359800
359801
359804
359806
359638
359639
359643
359701
359703
359706
359710
359712
359713
359715
359716
359717
359606
359608
359610
359613
359615
359618
359620
359624
359626
359628
359630
359632
359635
359584
1404940
359586
359589
359591
359593
359595
359599
359600
359601
359603
359604
359465
359466
359468
363617
359471
359472
359475
359476
359479
359481
359483
359485
359437
359438
359441
359442
359443
359445
359446
359449
359452
359453
359455
359458
359424
359425
359427
359430
359431
359432
359433
359434
359435
359416
359368
359417
359418
359420
359422
359459
360374
360376
360377
360378
360379
360364
360365
360366
360367
360368
360369
360370
360371
360372
360351
360352
360353
360354
360355
360357
360359
360360
360361
360362
360337
360338
360339
360340
360341
360343
360345
360347
360348
360306
360307
360308
360329
360333
360334
360335
360249
360250
360251
360252
360253
360254
360256
360258
360259
360261
360263
360239
360240
360242
360243
360241
360244
360245
360247
360246
360054
1404939
360056
360059
360074
360076
360079
360224
360227
360231
360234
360237
360035
360036
360038
360042
360048
360049
360020
360022
360023
360025
360027
360031
359998
359999
360000
360002
360004
360010
360012
360013
360014
359973
359976
359977
359987
359989
359990
359991
359995
361228
372968
361229
361230
361231
361232
361233
361234
361235
361236
365015
361220
361221
361222
361223
361224
361225
361226
361021
361022
361023
361025
361215
361216
361217
361218
361004
361005
361007
361012
361013
361016
361018
360944
360948
360949
360969
360975
360981
360984
360986
360991
360994
360997
360883
360887
360904
360910
360913
360919
360920
360921
360927
360829
360833
360839
360843
360847
360849
360854
360855
360861
360866
360869
360873
360876
360761
360764
360766
360770
360778
360786
360782
360796
360792
360798
360803
360805
360810
360817
360822
360718
360720
360722
360725
360727
360737
360746
360752
360758
360760
360682
360683
360684
360687
360691
360694
360698
360700
360704
360706
360709
360712
360667
360668
360669
360672
360677
360678
360577
360578
360579
360580
360653
360655
360656
360657
360658
360659
360660
360661
360662
360664
361608
361612
361613
361616
361619
361621
361625
361627
361628
361629
361631
361632
361630
361633
361180
361195
361198
361200
361201
361202
361203
361204
361205
361207
361208
361160
361161
361164
361167
361170
361172
361173
361174
361214
361177
361178
361148
372793
361150
361107
361108
361110
361112
361113
361114
361115
361117
361118
361083
361086
361087
361089
361090
361092
361093
361094
361096
361097
361098
372783
361100
372782
361101
361103
361104
361057
361060
361061
361062
361064
361067
361070
361073
361081
361014
361015
361017
361019
361024
355617
364027
364021
364024
364022
364029
364014
364031
364016
364017
364034
364037
364038
360988
360989
360992
360995
360998
361001
361003
361006
361010
360925
360926
360928
360930
360935
360936
360941
360942
360945
360951
360957
360954
363131
360967
360971
360974
360976
360862
360863
360864
360867
360870
360892
355615
360905
360907
360909
360912
360914
360915
360828
360831
360836
360840
360844
360848
360850
360859
360768
360771
360777
360779
360783
360788
360797
360802
360807
360811
360790
362553
362554
362555
362556
362557
362558
362532
362533
362534
362535
362536
362537
362538
362539
362541
362540
362542
355612
362543
362544
362545
362546
362547
362548
362549
362550
362551
364645
362376
362379
362385
362389
362392
362395
362398
362400
362403
362406
362409
362413
362414
362417
362344
362345
362348
362352
362353
362356
362358
362360
362361
362363
362365
362367
362369
362371
362370
362372
362312
362314
362316
362318
355610
362319
362322
362323
362324
362330
362325
362329
362333
362335
362334
362336
362337
362340
362283
362284
362285
362288
362290
362292
362294
362296
362297
362300
362302
362304
362308
362306
362309
362250
362252
362253
364641
362257
362260
362263
362267
362269
362270
362272
362275
362276
362277
362279
362192
362193
362194
362195
362196
362197
362198
362200
362202
362204
362205
362208
362221
362212
362216
362225
362229
362227
362234
362231
362245
362247
362005
362006
362010
362013
362025
362030
362032
362037
362038
361975
361978
361982
361987
361991
361992
361996
361994
361997
361998
361999
362002
361954
361956
361958
361960
361962
361964
361965
361968
361970
361934
361935
361936
361937
361938
361940
361942
361943
361944
361945
361946
361947
361949
361948
361950
361605
361606
361610
361614
361617
361620
361622
361623
361624
361626
361902
361900
361903
361904
361906
361907
361909
361910
361914
361912
361915
361917
361865
361868
361870
361872
361876
361880
361883
361886
361888
355607
361890
355608
361891
361893
361894
361895
361896
361899
365025
361591
361592
361593
361594
361595
361596
361597
355605
365029
361575
361576
361578
361580
361581
1015087
361582
361583
361584
361585
361586
361587
361588
361589
361534
361536
361538
361539
361543
361547
361550
361554
361557
361556
361558

361559
361560
361564
361566
361455
361456
361457
361458
365074
361459
361460
361462
361464
361466
361469
361471
361473
361476
361480
361482
361485
361490
361491
361495
361499
361500
361501
361505
361506
361509
361514
361515
361518
361528
361530
361406
361407
361409
361410
361413
361419
361421
361423
361425
361429
361434
361439
361437
361441
361443
361446
361449
361452
361303
361304
361306
361307
361309
361310
361311
361313
361314
361315
355603
361316
361317
361318
361319
361320
361321
361285
361287
361288
361290
361292
361293
361295
361296
361297
361298
361299
361300
365049
361301
361302
361269
365048
361271
361272
361274
361275
361277
361278
361280
361281
361283
361255
361256
361258
361259
361261
361262
361264
361265
361267
361238
361239
361240
361242
361244
361246
361247
361248
361250
361252
362924
362925
362931
362933
362934
362936
362937
362938
362941
362945
362948
362951
362953
362954
362857
362873
362874
362876
362881
362886
362889
362890
362892
362761
362764
362774
362791
362808
362810
362813
362820
362664
362729
362731
362735
362743
362745
362752
362754
362969
362639
362640
362641
362644
362646
362648
362649
362650
362651
362966
362621
362622
362624
362625
362627
362628
362629
362630
362631
362632
362633
362634
362964
362607
362608
362609
362610
362612
362613
362615
362618
362617
1275493
1275494
1275495
1275496
362589
362590
362591
362593
362594
362596
362597
362598
362600
362602
362960
362576
362577
362578
362580
362581
362582
362584
362585
362586
362567
362568
362569
362570
362571
362572
362573
362574
362517
362518
362520
362559
362560
362561
362562
362563
362564
362565
362459
362461
362465
362471
362474
362478
362486
362489
362491
362505
362508
362510
362512
362514
362815
362816
362817
362819
362821
362822
362823
362824
362826
362828
366114
362829
362830
362832
362831
362833
362792
362793
362794
362795
362796
362797
362798
362799
362800
362803
362802
362804
362805
362806
362809
362811
362812
362770
362771
362773
362740
362775
355599
355600
362776
362778
362779
362780
362781
362785
362787
362784
362789
362738
362739
362742
362746
362747
362748
362750
362751
362753
362755
362756
362760
362762
362765
362767
362768
362706
362707
362708
362709
362710
362711
362712
362714
362715
362716
362718
362719
362732
362733
362687
362689
362690
362691
362692
362693
362694
362695
362696
362697
362698
362699
362700
362701
362703
362702
362704
362387
362390
362394
362397
362495
362498
362499
362501
362502
362503
362506
362507
362509
362511
362513
362685
362350
362351
362354
362357
362359
362364
362366
362368
362381
362377
362382
362262
362264
362271
362274
362278
362281
362282
362286
362287
362289
362293
362295
362291
362298
362301
362299
362053
362054
362055
362056
362057
362058
362059
362060
362061
362062
362063
362064
362065
362009
362015
362026
362031
362033
362035
362036
362039
362040
362042
362044
362046
362047
362045
362048
362050
362049
362051
361955
361957
361959
361961
361963
361966
361967
361969
361971
361974
361980
361984
361988
361993
361995
362000
362004
363627
363628
363629
363630
363632
363635
363636
363640
363643
363644
363646
363649
363651
363655
363654
363657
363661
363663
363667
363272
363273
363277
363279
363280
363281
363606
363608
363610
363619
363612
363618
363620
363622
363621
363623
363624
363625
363236
363237
363239
363240
363243
363247
363244
363249
363253
363255
363257
363259
363263
363261
363265
363268
363221
363222
363225
363226
363229
363230
363231
363232
363233
363199
363201
363203
363204
363206
363209
363210
363214
363217
363157
363158
363159
363160
363161
363163
363166
363169
363172
363174
363175
363176
363178
363181
363184
363186
363189
363191
363194
363013
363017
363015
363014
363022
363021
363023
363025
363024
363026
363027
363028
363030
363031
363148
363150
363149
363151
363152
363153
363154
363155
362957
362949
362958
362970
362973
362974
362977
362980
362981
362982
362984
362986
362993
362990
362996
362999
363002
363005
362915
362916
362918
362921
362926
362928
362930
362932
362940
362942
362877
362878
362879
362884
362895
355597
362899
362901
362906
362904
362910
362849
362850
362853
362856
362859
362860
362861
362864
362865
362868
362870
362871
362836
362837
362838
362839
362840
362841
362842
362843
362844
362845
362846
362847
364176
364178
364182
364180
364183
364185
364194
364196
364198
364201
364206
364209
364210
364214
364217
364147
364150
364152
364154
364156
364158
364160
364162
364165
364167
364168
364170
364171
364173
364104
364103
364097
364106
364107
364109
364111
364112
364113
364114
364115
364116
364117
364118
364065
364053
364072
364074
364075
364076
364078
364080
364081
364082
364083
364084
364085
364089
365390
364091
364092
364094
364095
363568
363570
363569
363571
363572
363573
363576
363580
363581
363582
363584
364056
364060
364061
383391
363398
363399
363400
363417
363490
363494
363497
363553
363547
363551
363556
363558
363559
363560
363562
363565
363349
363351
363348
363360
363363
363357
363364
363366
363368
363385
363386
363387
363388
363389
363390
363391
363392
363393
363394
363395
363396
363133
363134
363138
363139
363140
363141
363142
363143
363144
363145
363146
363147
363135
363136
363137
362994
362997
362998
363001
363003
363007
363008
363035
363039
363043
363047
363050
363048
363049
363051
363052
362947
362952
362956
362959
362961
362965
362967
362962
362976
362987
362897
362900
362902
362905
362908
362909
362913
362917
362922
362923
362852
362855
362858
362863
362862
362866
362867
362869
362872
362880
362882
362885
362887
362893
363854
363853
363852
363850
363856
363858
363860
363861
363862
363863
363864
363865
363866
363867
363869
363793
363795
363798
363802
363800
363806
363808
363810
363813
363817
363821
363823
363826
363830
363834
363838
363722
363736
363737
363731
363741
363743
363746
363748
363755
363759
363763
363771
363775
363778
363780
363783
363785
363787
363574
363575
363577
363579
363578
363583
363679
363682
363684
363685
363689
363692
363693
363694
363700
363701
363703
363539
363537
363542
363544
363540
363545
363546
363549
363552
363554
363557
363561
363563
363564
363429
363432
363434
363436
363439
363444
363445
363449
363452
363454
363458
363460
363463
363473
363465
363475
363482
363478
363491
363488
363485
363492
363335
363336
363339
363338
363340
363343
363344
363345
363342
363376
363408
363411
363413
363415
363414
365432
365434
365436
363420
365437
365435
365433
363418
363421
363286
363285
363287
363290
363289
363292
363294
363296
363298
363301
363302
363304
363307
363305
363309
363311
363315
363317
363326
363328
363329
363246
363248
363250
363251
363252
363256
363258
363260
363262
363264
363266
363270
363271
363274
363275
363278
363165
363167
363164
363171
363170
363168
363173
363177
363179
363180
363183
363185
363187
363190
363193
363195
363197
363200
363205
363208
363211
363212
363215
363216
363086
363092
363097
363098
363100
363102
363103
363106
363111
363112
363115
363116
363119
363120
363122
363124
363033
363036
363038
363040
363042
363053
363054
363056
363057
363059
363060
363061
363062
363063
363034
363064
365917
365918
365920
365924
365928
365932
365934
365937
365940
365942
365878
365879
365884
365893
365887
365896
365909
365911
365913
365915
365848
365851
365857
365865
365867
365870
365872
365873
858374
365816
366994
365819
365821
365822
365824
365825
365827
365831
365833
365838
365836
365839
365841
365842
365762
365765
365766
365770
365773
365783
365787
365792
365797
365802
365809
366361
366364
366367
366375
366376
366369
366373
366370
366371
366381
366384
366386
366383
365951
366377
366382
366387
366390
366394
366388
366391
366393
366389
366392
366395
366398
366400
366407
366409
366401
366402
366408
366399
366396
366397
366406
366403
366410
366404
366405
366418
366414
366416
366417
366415
366419
366420
366427
366422
366423
366424
366426
366429
366421
366425
366428
366430
366439
366456
366457
366458
366431
366433
366434
366438
366471
366475
366481
366487
366462
366478
366490
366459
366468
366497
366498
366494
366502
366510
366509
366506
366513
365954
365955
365958
365961
365965
365967
365970
365971
365973
365974
365977
365980
365981
365983
365984
365985
365698
365697
365699
365701
365700
365702
365712
365713
365714
365715
365716
365717
365718
365587
365594
365595
365600
365604
366995
365609
365610
355593
365616
365620
365627
365629
365632
365635
365637
365613
365639
365641
365643
365646
365607
365651
365659
365662
365665
365667
365672
365670
365674
365676
365280
365281
365279
365285
365282
365283
365286
365289
365290
365291
365292
365293
365294
365295
365296
365287
365288
365297
365503
365508
365512
365516
365519
365531
365527
366350
365536
365540
365545
365548
365553
365556
365561
365563
365232
365233
365235
365242
365238
365244
365247
365249
365252
365255
365257
365258
365259
365260
365261
365262
365263
365264
365265
365266
365267
365268
365270
365271
365272
365273
365274
365276
365277
365171
365172
365174
365175
365176
365177
365178
365180
365179
365195
365200
365202
365203
365209
365212
365213
365216
365173
365154
365155
365156
365157
365158
365159
365160
365162
365163
365164
365165
365166
365168
365167
365921
365922
365925
365927
365929
365931
365933
365935
365939
365941
365943
365945
365948
365949
365946
365957
365960
365962
365964
365663
365666
365664
365668
365669
365671
365673
365677
365675
365678
365679
365680
365681
365682
365683
365684
383397
383398
383399
383400
365631
365634
365636
365638
365642
365644
365645
365647
365648
365649
365650
365652
365653
365654
365655
365656
365657
365658
365640
365574
365580
365582
365579
366069
365589
365601
365602
365598
365593
365615
365617
365619
365621
365623
365489
355591
383396
365491
365494
366063
366060
365501
365504
365511
365515
365521
365523
365525
365530
365534
365537
365539
365542
364997
364998
364999
365000
365002
365687
365685
365686
365688
365689
365690
364957
364956
364958
364959
364960
364961
364963
364966
364968
364970
364973
364972
364974
364981
364978
364983
364985
364989
364990
364991
364925
364932
364929
364928
364934
364937
364940
364939
364942
364943
364944
364946
364947
364948
364949
364950
364951
364952
364953
364954
363836
363839
363840
364858
363843
364864
364867
364870
364872
364877
364879
364883
364886
364889
364891
364895
364901
364903
364908
363792
363794
363796
363799
363803
363804
363807
363809
363811
363814
363819
363816
363822
363824
363827
363829
363749
363753
363754
363764
363760
363758
363769
363765
363773
363776
363779
363781
363782
363784
363786
363788
363789
363708
363709
363710
363711
363712
363716
363718
363720
363723
363725
363728
363729
363732
363740
363738
363735
363742
365099
365101
355589
365103
365104
365110
365106
365108
365113
365120
365122
365123
365125
365127
365129
365128
365132
365131
365133
365135
365134
365136
365137
365138
365139
365140
365141
365142
364986
364987
364988
365067
365071
365075
365079
365081
365083
365084
365085
365087
365089
365091
365093
364992
364993
364994
364894
364899
364898
364902
364904
364907
364910
364913
364919
364916
364962
364917
364964
364965
364967
364969
364971
876694
876695
876696
876697
876698
364977
364979
364849
364850
364852
364861
364865
364866
364869
364873
364878
364881
364759
364762
364791
364792
364794
364796
364798
364800
355587
364805
364806
364802
364812
364808
364815
364810
364820
364822
364824
364826
364829
364832
364828
364830
364833
364521
364522
364523
364524
364540
364526
364542
364543
364546
364544
364555
364550
364557
364560
364563
364570
364568
364573
364574
364576
364577
364566
364222
364233
364236
364266
364317
364316
364315
364314
364321
364320
364318
364319
364324
364322
364323
364330
364331
364332
364333
364334
364335
364336
364326
364325
364327
364328
364329
364008
364012
364009
364020
364023
364025
364028
364033
364035
364036
364045
364054
364057
364059
364064
364066
364068
364069
364073
364071
364086
364087
364088
364015
363967
363968
363969
363971
363973
363975
2688156
363976
363978
363981
363982
363985
363986
363987
363990
363991
363993
363994
363995
363997
363998
363999
364002
363925
363927
363931
363932
363933
363936
363937
363939
363940
363942
363943
363944
363946
363875
363873
363876
363877
363878
363879
363883
363886
363891
363892
363894
363895
363896
363897
363899
363904
363880
363881
363916
763974
763975
763976
763977
763978
763979
763980
763981
763982
368322
368326
368328
368340
368334
368344
368346
368348
368356
368361
368363
368385
368389
368393
368397
368398
368496
368501
367654
367655
1772994
367657
367658
367659
367660
367661
367663
367662

367665
367664
367667
367666
367668
367672
367669
367671
367673
367670
367684
367686
367683
367682
367687
367688
367689
367690
367691
367692
367693
367694
367695
367594
367595
367597
367599
367598
367596
367600
367601
367602
367604
367605
367603
367608
367607
367606
367610
367609
367611
367612
367615
367616
367614
367613
367617
367618
367619
367620
367621
367622
367647
367648
367649
367521
367523
367522
367524
367525
367526
367527
367528
367530
367531
367533
367534
367535
367537
367548
367550
390020
367552
367556
367554
367559
367558
367562
367561
367563
367565
367568
367567
367566
367570
367580
367582
367579
367573
367581
367583
367584
367585
367586
367587
367589
367590
367591
367592
366664
366665
366668
366666
366667
366670
366669
366672
366671
366673
366674
366677
366676
366681
366686
366680
366679
366688
366691
366697
366699
366694
366698
366702
383390
366704
366705
366607
366610
366613
366615
366618
366619
366616
366621
366623
368655
366627
366630
366632
366636
366633
366638
366643
366640
366646
366649
366651
366654
366655
366656
366657
366660
366555
366556
366557
366559
366560
366562
366566
366569
366572
366574
366580
366582
366586
366588
366591
366593
366598
366600
366354
366357
366435
366436
366432
366437
366440
366442
366443
366444
366451
366445
366447
366482
366455
366535
366530
366495
366529
366539
366537
366541
366543
366550
366280
366286
366290
366291
366294
366296
366297
366300
964640
366301
366305
366304
366307
366317
366309
366315
366313
366322
366319
366321
366323
366325
366326
366324
366328
366331
366334
366339
366342
366344
858455
858456
366248
366250
366251
366253
366255
366258
366263
366262
366260
366265
366269
366201
366207
366209
366212
366215
366219
366221
366225
366228
366233
366231
366232
366240
366237
366239
366235
366244
369046
369052
369049
369057
369054
369061
369062
369064
369071
369074
369082
369093
369091
369094
369102
369099
369097
369105
369110
369112
369107
355581
369123
369116
369124
369118
369120
369114
369126
369128
369131
369134
368998
368999
368997
369001
369002
369000
369003
369004
369005
369006
369007
369009
368971
369008
369011
369010
369013
369016
369015
369018
369014
369024
369023
369022
369021
369019
369025
369026
369027
368963
368962
368965
368964
368961
368969
368967
368970
368972
368973
368976
368974
368975
368977
368978
368979
368983
368985
368990
368991
368989
368987
368992
368993
368994
368995
368853
368839
368856
368860
368863
368868
368875
368885
368888
368890
368893
368898
368895
368899
368902
368643
368644
368648
368646
368649
368650
368651
368653
368660
368657
368654
368661
368662
368664
368667
368671
368669
368696
368676
368680
368677
368702
368675
368674
368717
368714
368722
368709
368746
368749
368738
368744
368735
368727
368753
368757
368760
368764
368767
368823
368827
368278
368279
368282
368283
368412
368414
368423
368419
368433
368428
368441
368437
368500
368506
368513
369478
368517
368528
368522
368532
368535
368551
368537
368543
368557
368561
368564
370122
368573
368574
368578
368579
368580
368581
368582
367771
367775
367776
367777
367780
369148
368151
368156
368158
368159
368160
368163
368162
368166
368172
368170
368168
368174
368177
368176
368179
368186
368188
368184
368181
368194
368192
368190
368193
368195
368197
368198
368199
368201
368203
368202
367717
367712
367718
367721
367733
367734
367735
367736
367737
367738
367739
367740
367741
367743
367744
367745
367746
367750
367748
367749
367754
367752
366925
366934
366935
366943
366958
366950
366955
366963
366978
366980
366977
366976
366982
366928
366931
366985
366988
366986
366991
366867
366872
366888
366893
366895
366897
366898
366904
366902
366906
366908
366911
366910
366913
366914
366796
366801
366804
366799
366811
366817
366815
366819
366821
366822
366825
366828
366831
366840
366270
366267
366276
366279
366283
366284
366288
366293
366299
366715
366718
366720
366722
366724
366726
366730
366733
366737
366735
366738
366742
366740
366745
366748
366752
366749
366782
366854
366856
366858
366864
366866
366868
366878
366880
366882
366861
366887
366890
366891
366814
366816
366824
366826
366830
366829
366835
366833
366834
366837
366838
366841
366842
366843
366844
366845
366846
366848
366850
366851
366787
366788
366790
366791
366794
366795
366798
366800
366802
366803
366805
366806
366807
366808
366810
366809
366812
366701
366700
366703
366706
366708
366709
366710
366762
366761
366744
366753
366765
366764
366766
366767
366769
366770
366771
366773
366774
366776
366778
366780
366784
366783
366682
366683
366685
366687
366689
366690
366692
366693
366695
366625
366626
366628
366629
366634
366637
366639
366642
366647
366644
366652
366648
366650
366658
366659
366653
366662
366675
366899
366903
366575
366912
366901
366905
366907
366594
366596
366597
366599
366601
366606
366608
366611
366612
366533
366536
366538
366540
366542
366544
366545
366554
366558
366565
366563
366561
366570
366568
366590
366308
366311
366314
366316
366320
366318
366327
366329
366332
366340
366333
366336
366341
366356
366345
366358
355579
366360
366441
366452
366449
366453
366474
366454
366450
366476
366484
366493
366486
366480
366496
366499
366503
366504
366508
366512
366519
366515
366523
366521
366528
366206
366203
366210
366216
366213
366211
366217
366218
366222
366220
366229
366227
366224
366242
366245
366247
366249
366252
366254
366256
366261
366259
366264
366257
366266
366271
366275
366273
366278
366281
366170
366122
366171
366125
366132
366136
366139
366140
366143
366152
366150
366145
366181
366156
366184
366186
366196
366188
366191
366070
366071
366067
366065
366072
366073
366074
366075
366076
366077
366079
366080
366081
366082
366083
366084
366087
366088
366090
366098
366100
367488
367489
367490
367493
367491
367494
367495
367496
367497
367499
367501
367504
367502
367506
367507
367510
367439
367443
367448
367446
367450
367451
367469
367453
367470
367471
367475
367472
367476
367477
367478
367480
367481
367483
367484
367486
367419
993448
993453
367422
367423
367424
367425
367426
367428
367429
367430
367431
367433
367392
367395
367397
367400
367402
367404
367406
367407
367411
367373
367376
367379
367381
367385
367383
367388
367351
367353
367354
367356
367360
367362
367300
367309
367311
367312
367314
367317
367320
367321
367332
367326
367323
367329
367337
367339
367343
367346
367253
367262
367265
367267
367285
367286
367289
367178
367199
367202
367205
367210
367223
367224
367225
367228
377892
377894
367229
367232
367233
367154
1047530
367166
367168
367170
367172
367174
367173
366960
366961
366962
366964
366965
366966
366968
366969
366972
366973
366989
366990
366992
366948
366951
366952
366953
366954
366956
366957
368524
368529
368542
368546
368548
368554
368498
368502
368505
368507
368509
368511
368456
368639
368641
368461
368464
1127875
1127876
368468
368472
368475
368478
368427
368430
368435
368438
368442
368443
368444
368447
368451
1773349
368408
368410
368417
368420
368373
368376
368380
368387
368391
368342
368352
368355
368358
368365
368367
1064211
368329
1064210
368332
377941
377942
377943
378098
377945
377946
368308
368315
368318
368320
368281
368285
368289
368293
368296
377932
377934
377936
377926
377928
594925
368933
368934
368936
368928
368930

368921
368922
368904
368907
368910
368913
368914
368915
368877
368879
368884
368866
368869
368871
368846
368848
368851
368854
368855
368858
368802
368805
368811
368718
368721
368705
368689
368690
368692
368695
2633413
2633407
2633419
2633423
2701653
2633421
2633417
2633415
2633441
2633443
2633445
2633447
2633433
2633435
2633437
2633439
2633427
2633429
2543699
2543700
2543701
2543703
2543704
2381877
2381878
2381879
2381880
2381881
2027457
2027458
2027459
2027460
2027461
2027462
2027463
2027464
2027465
2027466
1998382
1998377
1998378
1998379
1998380
1998381
1953006
1953007
1953008
1953009
1921142
1921143
1921144
1921145
1921146
1921147
1921148
1902594
1902595
1902596
1902597
1902598
1902599
1902600
1857941
1857942
1857943
1857944
1857945
1057431
1037852
1037853
1027155
1027156
1008214
1008215
973802
973803
950567
950568
3013524
3004256
2994257
2987351
2988592
2974028
2936729
2939173
2908383
2908240
2930809
2893358
2893355
2893353
2876470
2851415
2850429
2856391
2846090
2846711
2846108
2836033
2816976
2822326
2815650
2817143
2800834
2769552
2749228
2767469
2745842
2747006
2749226
2732671
2701086
2735931
2701039
2696534
2701118
2724693
2688139
2694729
2686759
2692276
2687335
2686761
2687010
2686744
2686999
2673861
2673801
2678504
2664491
2662453
2667610
2668882
2673753
2662455
2662964
2638051
2643229
2649452
2653381
2652487
2633188
2627343
2631928
2635804
2632550
2611524
2627604
2627709
2627756
2602234
2608846
2611522
2611764
2591671
2591615
2594794
2576869
2579081
2582017
2583703
2590180
2576836
2576871
2556269
2558652
2541916
2542664
2538510
2545106
2527388
2537893
2525968
2524223
2524202
2524201
2530002
2525967
2524588
2532328
2513562
2513454
2513574
2517042
2517999
2497330
2509337
2509419
2491562
2499129
2483759
2484903
2487722
2488310
2460460
2465423
2481076
2446579
2448916
2452496
2457805
2458086
2436247
2440099
2445176
2429654
2431054
2407139
2415636
2421596
2398997
2399242
2380717
2384576
2388836
2371030
2377676
2379624
2351197
2328737
2336716
2343716
2241157
2254416
2263018
2303236
2318856
2207271
2208916
2211316
2218536
2221186
2222516
2232816
2181208
2184417
2185631
2188348
2206721
2206888
2157653
2159560
2162137
2167095
2167476
2168783
2170471
2129232
2134288
2139175
2141511
2145884
2147782
2150312
2151676
2090109
2093589
2094256
2103476
2103456
2110336
2125649
2072297
2076443
2077317
2077940
2078479
2086764
2060097
2065056
2070611
2071141
2071422
2039369
2043216
2046613
2047484
2048939
2049696
2025357
2030254
2031772
2035934
2037251
2037936
2038641
2016017
2018696
2019544
2020389
2020859
2021095
2024072
2024704
2001334
2003350
2003502
2003604
2008214
2008215
2011843
1999743
1999745
1999744
1999746
1999652
1999653
1999654
1999655
1999656
1999657
1999658
1999659
1999648
1999649
1999650
1966298
1966299
1966300
1966301
1966302
1966303
1966304
1943209
1943210
1943211
1944486
1944487
1925038
1925057
1925058
1925841
1926179
1941236
1941237
1920831
1920832
1920833
1920834
1920835
1922498
1890749
1890750
1890751
1890752
1890753
1920829
1872819
1872820
1872821
1872822
1872823
1872824
1890747
1858580
1858581
1858628
1865476
1865477
1865478
1865479
1865480
1839558
1839559
1842416
1842417
1842418
1852159
1852160
1852161
1833514
1837142
1837143
1839554
1837144
1839555
1839556
1821983
1821984
1821985
1821986
1821987
1821988
1833510
1833511
1833512
1795375
1795376
1806335
1806336
1806337
1821980
1821981
1754327
1764869
1764870
1773973
1773974
1773975
1785590
1785591
1735104
1735336
1735849
1737965
1740445
1745131
1745247
1753046
1753054
1719533
1719550
1721932
1722023
1730789
1730970
1734043
1734044
1693137
1698136
1699490
1710032
1710033
1710034
1711931
2139010
1661378
1662736
1667452
1667453
1669244
1670618
1671626
1671969
1692866
1644137
1647939
1653246
1655868
1656386
1657057

1658938
1626551
1629315
1631260
1631261
1631727
1636673
1640232
1641236
1642193
1599451
1609990
1613213
1614455
1618412
1620739
1621155
1621693
1595437
1597010
1597011
1597012
1597013
1597014
1597816
1595436
1595444
1595445
1595446
1595447
1595448
1595449
1595450
1595451
1595452
1595426
1595438
1595439
1595440
1595441
1595442
1595443
1594976
1595425
1555528
1569800
1592458
1594178
1554609
1555195
1555397
1555399
1555527
1554532
1554604
1554606
1515742
1538965
1554533
1515692
2139006
2139007
2139009
2139001
2139002
2139003
2139004
2134472
2134473
2134465
601885
601886
2134462
566787
566825
566842
566887
566898
566901
566941
566934
566944
2976733
2927023
2884067
2884042
2840150
2809791
2767123
2727002
2684722
2666097
2614513
2568196
2537754
2505991
2465086
2432597
2381084
2339056
2189863
2077830
2856110
2837282
2812883
2791245
2737649
2696863
2678214
2656431
2634034
2532365
2512051
2486228
2451857
2427077
2427098
2405717
2377784
2334185
2212878
2168932
2090151
2065328
384077
384078
384079
384081
384082
384084
384085
384087
384088
384089
382908
382900
382901
382902
382903
382904
383305
382905
382906
382907
383107
379540
379541
379542
379544
379550
379555
379561
379564
378235
369826
369827
369828
369829
369830
369831
369832
369833
369834
369835
361898
361901
361905
361913
361908
361916
361918
361919
361920
361921
361922
361923
361924
361925
361926
361927
361928
361929
361930
361931
361933
361939
361941
358312
356980
356981
356985
356986
356987
356979
356982
356983
356984
352581
352582
352583
352584
352585
352586
352587
352588
352589
352590
345245
345246
345247
345251
345252
345253
345255
345257
345258
345261
345241
347513
345222
345226
345227
345235
345238
347514
347516
347517
334218
334219
334221
334223
334224
334226
334227
334229
334230
334231
330680
330682
330789
330792
330793
330794
330795
330797
330798
330799
330801
330802
330803
330804
330805
330806
330807
330808
330809
330811
330812
330813
330814
330815
328623
328596
328599
328604
328605
328608
328609
328611
328612
328614
328615
319405
319406
319407
319408
320258
320259
320261
320262
320264
320265
320266
320267
322824
320270
320273
320274
320277
320280
322825
322827
312689
312691
312695
312697
312706
312715
312720
312724
312729
312736
306421
306423
306427
306428
306430
306431
371816
306432
306435
306436
306437
301156
301157
301159
301160
301163
301166
301168
301171
301173
301174
296168
296170
296171
296174
296178
296177
296180
296183
296185
313008
291236
291233
291235
291226
291229
291230
291231
291232
291238
291239
287822
287823
287824
287825
287826
287827
287829
287830
289146
285214
285217
285219
285222
285224
285228
285231
285232
286426
278467
278468
278469
278470
278473
371809
278474
275270
275271
275272
275273
275274
275275
275276
275277
275278
275279
275280
275281
275254
275255
274432
274433
274434
274435
274436
275256
275258
274439
268987
268988
268989
268990
268991
268992
268993
268995
268981
268980
267508
267510
267511
267513
267514
267516
268982
268983
268984
268985
264045
264046
264047
265483
264048
259341
259345
259349
259353
259359
255393
255394
255395
255397
255398
255400
255403
255404
245130
245131
245132
245133
245134
262609
242395
242398
242401
242405
242406
262616
242489
242493
242496
242500
242504
242505
242506
254736
254739
234758
234759
234760
234761
234762
234763
234764
234765
273851
273847
234814
234815
234816
234817
234818
234819
234820
235021
235009
235010
235011
235012
235013
235014
235015
235016
235017
235018
235019
235020
273835
227182
227183
227184
227185
227186
227187
227188
227598
223505
223506
223507
223509
223511
223513
223514
225363
225365
225366
225367
225369
225371
225373
225374
208671
208673
208675
208677
208678
208681
208684
208687
205351
205352
205353
205354
205355
205356
205357
205358
205359
273848
205360
208150
208152
208153
208156
208157
208159
208161
208162
208163
194290
194296
194298
194301
194305
194306
194309
194311
182967
182968
182969
182970
182971
182972
182973
182974
174810
174811
174812
174813
174814
174815
174816
273858
174801
174802
174803
174804
174805
174806
174807
174808
3005397
3001758
2986329
2986331
2974062
2933230
2913029
2903524
2886415
2892034
2822885
2822887
2822889
2822881
2822883
2822877
2822879
2822643
2822533
2822873
2822875
2822527
2822529
2822531
2817212
2755977
2746519
2668388
2668390
2667644
2667647
2668424
2667640
2667642
2618405
2591681
2618407
2618409
2618401
2591686
2591680
2618403
2591683
2642653
2591685
2618399
2591679
2633608
2618397
2618395
2636340
2618393
2591684
2591682
2601337
2591795
2590529
2590530
2590531
2576895
2576892
2576893
2555236
2555237
2555238
2555239
2555240
2480355
2480356
2480353
2447477
2447478
2447479
2435198
2435199
2406360
2406361
2406357
2406358
2406359
2390010
2390011
2399411
2369297
2369298
2351437
2213617
2188285
2160599
2076024
2120104
2043156
2043157
2015997
1998373
1998374
1979463
1979464
1967046
1967047
1972563
1959017
1959018
1940722
1941856
1944826
1922682
1925842
1925843
1936885
1936886
1897729
1899473
1899474
1920826
1921573
1880067
1883611
1883621
1889839
1891341
1891342
1870596
1865908
1865969
1631806
1595423
1595424
1569802
1576100
1576101
1576102
1513451
1497627
1499293
1496357
1459326
1472986
1472985
1472988
1459236
1459238
1459240
1455706
1459232
1459234
1414664
1459228
1459230
1399622
1399624
1399626
1403926
1414666
1386859
1386860
1386861
1399613
1399614
1399615
1399617
1399618
1399619
1399620
1403923
1403924
1376145
1376146
1376147
1378359
1378360
1378361
1378356
1378357
1386854
1386855
1386856
1386857
1366318
1366319
1366320
1366322
1366323
1366325
1366326
1366327
1376139
1376140
1376141
1621734
1376143
1353569
1353570
1353571
1621733
1361265
1361266
1621713
1361365
1361366
1366314
1366315
1366316
1348482
1348484
1353565
1353566
1353567
1361368
1361369
1361370
1345072
1348475
1348477
1348479
1348480
1331965
1331967
1331942
1331943
1345074
1322467
1324169
1324171
1331945
1315448
1315450
1317486
1317488
1322465
1295290
1295292
1315435
1315446
1295230
1295284
1295286
1295288
1286463
1286465
1286954
1286467
1295280
1276163
1276165
1276167
1286461
1267048
1276155
1276157
1276159
1276161
1241855
1247273
1247277
1247275
1232049
1238613
1238610
1241853
1238611
1226691
1238608
1232403
1232401
1217822
1217820
1226695
1226693
1217807
1217824
1217836
1187564
1187565
1187562
1187567
1195938
1182891
1182901
1183087
1183085
1183082
1183083
1164071
1164070
1167107
1167922
1167921
1167868
1167869
1151586
1151585
1151587
1159403
1159404
1164067
1164068
1162514
1162512
1147995
1149638
1149825
1149635
1149636
1143395
1143393
1147992
1147993
1133945
1133943
1137619
1138694
1138695
1140630
1140631
1127026
1127024
1132515
1132513
1279685
1279681
1125360
1125361
1125358
1119608
1119609
1119606
1119603
1119604
1279683
1117663
1117694
1117695
1119625
1119622
1119623
1113165
1115545
1113162
1113201
1115546
1113163
1103049
1103047
1103040
1103070
1103044
1103045
1103041
1103071
1103042
1103075
1103078
1103080
1103073
1103076
1088434
1093482
1103082
1088435
1103083
1088432
1086449
1088204
1088429
1088206
1086450
1088430
1086452
1086456
1086458
1086454
1071919
1071926
1071921
1071917
1071924
1071922
1071927
1066338
1071932
1071929
1066335
1066339
1071930
1066336
1066345
1066341
1066343
1066347
1066323
1066327
1066320
1066349
1066324
1066321
1066325

1066331
1071914
1066333
1066329
1071915
1046681
1046683
1052129
1052130
1712971
1041063
1041064
1040565
1040563
1040561
1670827
1670828
1040616
1041060
1040583
1041061
1029387
1670775
1670776
1670777
1029384
1074069
1029381
1029454
1074070
1029382
1029385
1022359
1022360
1022362
1022364
1022366
1022353
1022355
1022351
1022357
1008540
1008542
1022349
1008537
1008531
1008538
1008529
991105
991102
1008527
991103
985624
991107
985622
991109
991110
985625
985617
985613
985615
985620
985618
985611
985609
985604
985606
985607
966013
966010
967731
985601
985602
966011
966014
962076
962071
964695
962073
962074
958080
953698
962069
958077
958078
948944
948945
949098
949100
953648
953650
964683
964684
964686
964688
964689
964691
964693
964681
941403
941401
941404
941405
941400
859356
941396
941393
941394
941391
941398
846274
846154
782796
846272
846275
846155
782793
782791
777951
777954
782794
777955
777952
777948
772537
770393
772545
772542
777949
772543
764018
764025
764027
764028
766761
764006
764007
764015
764011
764004
764016
763962
763964
763959
763960
763951
763953
763954
763956
763957
764009
763945
763947
763949
763943
763928
763929
763931
763935
763936
763939
763938
763941
763918
763923
763925
763926
763933
763773
763775
763776
763778
763920
763921
763763
763762
763769
570367
763770
763771
763765
763767
544734
763758
763759
544737
544740
763756
544687
544726
544727
544730
544731
512570
512571
512574
764013
763748
763749
763754
763753
763916
512514
512515
512518
512527
512528
763910
763912
763751
763914
763907
763908
763905
763904
504686
504687
504690
504691
763902
763901
503118
503119
503352
503353
763899
763894
763742
763743
763892
763898
501306
501309
501279
501280

763745
763746
501287
501296
501297
501300
501303
501275
501276
501290
501293
381353
381355
501241
501242
763896
501271

501272

378113
378114
378785
381363
380745
375349
1860545
1613682
763890
375967
375969
376626
377426
377427
372047
384263
373872
373867
373870
367875
367874
367886
367888
368923
370131
370132
1862155
1613662
364044
367869
367871
367872
358976
358977
358979
359428
359429
361881
361884
361340
361341
363118
363125
363127
356504
356505
357519
357520
763713
763714
355133
355134
355135
355453
355454
355456
355457
353166
353167
353169
353882
353883
354568
354569
354571
354572
351307
351308
351309
351846
351845
352537
352538
347640
347643
347645
347647
348774
348775
348788
348784
348785
348786
348776
348789
348792
348794
348795
348796
350994
350995
350996
345496
345497
345499
345501
346413
345503
346406
346409
338623
338624
338625
339334
339335
339338
341499
341500
342326
342328
342331
341837
341838
341840
341842
341843
341844
336229
336230
336231
336232
341846
342020
342022
337250
337252
337254
334486
334490
334491
334499
334501
334506
334508
334515
334517
334527
334533
334537
334428
334434
334441
334443
334449
334452
334454
334460
334462
334464
334468
334476
334478
334480
334399
334401
334402
334403
334405
334406
334409
334420
334422
1734161
1734162
1734163
1734164
1734165
1734166
1734167
1734168
1734169
1665998
1665999
1666000
1666001
1666002
1666003
1666004
1618589
1618590
1618591
1618592
1618593
1618594
1558898
1558899
1558900
1558901
1558902
1558903
1525903
1525904
1525905
1525906
1525907
1519391
1519392
1519393
1519394
1519395
1519396
1452013
1452014
1452015
1452016
1452017
1375973
1375974
1375975
1375976
1375977
1375978
1373577
1373578
1373579
1373580
1373581
1373582
1373597
1373598
1373599
1373600
1373601
1373602
1349333
1349334
1349335
1349336
1349337
1349338
1349339
1349340
1349341
1315326
1315327
1315328
1315329
1315330
1315331
1315332
1315333

1315334
1315335
1247239
1247240
1247241
1247242
1247243
1247244
1247245
1247246
1217729
1217730
1217731
1217732
1217733
1217734
1217735
1217736
1217737
1217738
1217739
1217740
1217667
1217668
1217669
1217670
1217671
1217672
1217673
1217674
1217675
1144360
1144361
1144362
1144363
1144364
1144365
1144367
1144368
1144369
1144370
1144371
1144372
1144373
1144374
1144376
1144377
1144378
1144379
1144380
1144381
1144383
1144384
1144385
1144386
1144387
1144388
1144390
1144391
1144392
1144393
1144394
1144395
1144397
1144398
1144399
1144400
1144401
1144402
1144404
1144405
1144406
1144407
1144408
1031860
1031861
1031862
1031863
1031864
1027314
1027315
1027316
1027317
1027318
1027319
1027320
1027322
1027323
1027324
1027325
1027326
1027327
1027329
1027330
1027331
1027332
1027333
1027334
973382
973383
973384
973385
973386
973387
904081
904082
904083
904084
904074
904075
904076
904077
904078
904079
1809145
904068
904069
904070
904071
904072
991119
991120
991121
991122
567171
567172
567173
567174
567163
567164
567165
567166
567167
567168
567156
567157
567158
567159
567160
1838744
501072
501073
501074
501075
501076
969638
969639
969640
969641
969642
372770
372771
372772
367887
367889
367891
367893
367895
367897
367899
355147
355148
355149
355150
355151
355152
355153
351093
351094
351095
351096
351097
351098
351099
351100
345109
345112
345114
345115
345116
345117

345118
345119
345121
333427
333428
333430
333431
333432
333433
333434
333435
333437
331626
331625
331628
331629
331630
331631
331633
331634
333105
333106
333108
333109
333110
333111
333112
333113
333107
333114
331646
331647
331637
331638
331639
331641
331642
331643
331645
331651
331652
331653
331655
331659
331661
331676
331677
331666
331667
357781
331669
331670
331671
331672
331674
331675
333152
333153
333154
333155
333156
333157
333158
333159
333160

332926

332927
332928
332929
332930
332931
332932
332933
332934
333143
333144
333145
333146
333147
333148
333150
332085
332086
332087
332089
332090
332092
332093
332094
332095
332096
332101
332102
332103
332105
332106
332108
332113
270987
270988
270990
270992
270994
332114
332115
332117
332118
332121
270962
270965
270966
270968
270970
270972
332124
332125
332126
270976
270978
270980
270982
270983
332129
332130
332133
332134
332135
332136
332138
332139
332140
332142
332143
332145
332147
332149
332150
332151
332152
332153
332154
332155
332156
332157
332158
332160
332161
332162
332163
332164
332165
332166
332167
332169
332170
332171
332172
332173
332174
332175
332176
332177
332178
332179
332185
332181
332182
332183
332187
332184
332189
332190
332191
332192
332194
332196
332201
332202
332212
332204
332205
332207
332209
332213
332214
332216
332215
332217
332224
332225
332219
332220
332222
332221
332223
332226
332227
332228
197895
197897
197899
197901
197902
197904
332229
332230
332231
197906
332232
332235
197154
197157
197160
197163
197166
197167
197170
197172
332234
332233
332236
332239
197179
197180
197182
197183
197184
332237
197186
332238
332240

